6
Dracula_2624655981|matK      0.0000000 0.0000010 0.0006421 0.0006421 0.0469851 0.0469851 
Dracula_2666673057|matK      0.0000010 0.0000000 0.0006421 0.0006421 0.0469851 0.0469851 
Dracula_2624656068|matK      0.0006421 0.0006421 0.0000000 0.0000010 0.0463104 0.0463104 
Dracula_2647482796|matK      0.0006421 0.0006421 0.0000010 0.0000000 0.0463104 0.0463104 
Odontoglossum_281188264|matK 0.0469851 0.0469851 0.0463104 0.0463104 0.0000000 0.0000010 
Odontoglossum_295311711|matK 0.0469851 0.0469851 0.0463104 0.0463104 0.0000010 0.0000000 
